{
  "vendor": "Style Studio (Fabritec)",
  "catalog_year": 2026,
  "dealer_factor": 0.5,
  "product_type": "Roman Shades & Draperies",
  "note": "STS offers multiple product types including Roman Shades (pages 30-70), Draperies (pages 88-118), Valances, etc.",
  "width_breaks_standard": [
    24,
    30,
    36,
    42,
    48,
    54,
    60,
    66,
    72,
    78,
    84,
    90,
    96,
    102,
    108,
    114
  ],
  "height_breaks_standard": [
    36,
    42,
    48,
    54,
    60,
    66,
    72,
    78,
    84,
    90,
    96,
    102,
    108,
    114,
    120,
    126,
    132,
    138,
    144
  ],
  "styles": {
    "style_1": {
      "style_name": "101-Pacifica",
      "price_per_sqft": 28.5,
      "pricing_grid": [
        [
          342,
          342,
          342,
          342,
          342,
          385,
          428,
          470,
          513,
          556,
          599,
          641,
          684,
          727,
          770,
          812
        ],
        [
          342,
          342,
          342,
          349,
          399,
          449,
          499,
          549,
          599,
          648,
          698,
          748,
          798,
          848,
          898,
          948
        ],
        [
          342,
          342,
          342,
          399,
          456,
          513,
          570,
          627,
          684,
          741,
          798,
          855,
          912,
          969,
          1026,
          1083
        ],
        [
          342,
          342,
          385,
          449,
          513,
          577,
          641,
          705,
          770,
          834,
          898,
          962,
          1026,
          1090,
          1154,
          1218
        ],
        [
          342,
          356,
          428,
          499,
          570,
          641,
          713,
          784,
          855,
          926,
          998,
          1069,
          1140,
          1211,
          1283,
          1354
        ],
        [
          342,
          392,
          470,
          549,
          627,
          705,
          784,
          862,
          941,
          1019,
          1097,
          1176,
          1254,
          1332,
          1411,
          1489
        ],
        [
          342,
          428,
          513,
          599,
          684,
          770,
          855,
          941,
          1026,
          1112,
          1197,
          1283,
          1368,
          1454,
          1539,
          1625
        ],
        [
          371,
          463,
          556,
          648,
          741,
          834,
          926,
          1019,
          1112,
          1204,
          1297,
          1389,
          1482,
          1575,
          1667,
          1760
        ],
        [
          399,
          499,
          599,
          698,
          798,
          898,
          998,
          1097,
          1197,
          1297,
          1397,
          1496,
          1596,
          1696,
          1796,
          1895
        ],
        [
          428,
          534,
          641,
          748,
          855,
          962,
          1069,
          1176,
          1283,
          1389,
          1496,
          1603,
          1710,
          1817,
          1924,
          2031
        ],
        [
          456,
          570,
          684,
          798,
          912,
          1026,
          1140,
          1254,
          1368,
          1482,
          1596,
          1710,
          1824,
          1938,
          2052,
          2166
        ],
        [
          485,
          606,
          727,
          848,
          969,
          1090,
          1211,
          1332,
          1454,
          1575,
          1696,
          1817,
          1938,
          2059,
          2180,
          2301
        ],
        [
          513,
          641,
          770,
          898,
          1026,
          1154,
          1283,
          1411,
          1539,
          1667,
          1796,
          1924,
          2052,
          2180,
          2309,
          2437
        ],
        [
          542,
          677,
          812,
          948,
          1083,
          1218,
          1354,
          1489,
          1625,
          1760,
          1895,
          2031,
          2166,
          2301,
          2437,
          2572
        ],
        [
          570,
          713,
          855,
          998,
          1140,
          1283,
          1425,
          1568,
          1710,
          1853,
          1995,
          2138,
          2280,
          2423,
          2565,
          2708
        ],
        [
          599,
          748,
          898,
          1047,
          1197,
          1347,
          1496,
          1646,
          1796,
          1945,
          2095,
          2244,
          2394,
          2544,
          2693,
          2843
        ],
        [
          627,
          784,
          941,
          1097,
          1254,
          1411,
          1568,
          1724,
          1881,
          2038,
          2195,
          2351,
          2508,
          2665,
          2822,
          2978
        ],
        [
          656,
          819,
          983,
          1147,
          1311,
          1475,
          1639,
          1803,
          1967,
          2130,
          2294,
          2458,
          2622,
          2786,
          2950,
          3114
        ],
        [
          684,
          855,
          1026,
          1197,
          1368,
          1539,
          1710,
          1881,
          2052,
          2223,
          2394,
          2565,
          2736,
          2907,
          3078,
          3249
        ]
      ]
    },
    "style_2": {
      "style_name": "103-Balboa",
      "price_per_sqft": 33.5,
      "pricing_grid": [
        [
          402,
          402,
          402,
          402,
          402,
          452,
          503,
          553,
          603,
          653,
          704,
          754,
          804,
          854,
          905,
          955
        ],
        [
          402,
          402,
          402,
          410,
          469,
          528,
          586,
          645,
          704,
          762,
          821,
          879,
          938,
          997,
          1055,
          1114
        ],
        [
          402,
          402,
          402,
          469,
          536,
          603,
          670,
          737,
          804,
          871,
          938,
          1005,
          1072,
          1139,
          1206,
          1273
        ],
        [
          402,
          402,
          452,
          528,
          603,
          678,
          754,
          829,
          905,
          980,
          1055,
          1131,
          1206,
          1281,
          1357,
          1432
        ],
        [
          402,
          419,
          503,
          586,
          670,
          754,
          838,
          921,
          1005,
          1089,
          1173,
          1256,
          1340,
          1424,
          1508,
          1591
        ],
        [
          402,
          461,
          553,
          645,
          737,
          829,
          921,
          1013,
          1106,
          1198,
          1290,
          1382,
          1474,
          1566,
          1658,
          1750
        ],
        [
          402,
          503,
          603,
          704,
          804,
          905,
          1005,
          1106,
          1206,
          1307,
          1407,
          1508,
          1608,
          1709,
          1809,
          1910
        ],
        [
          436,
          544,
          653,
          762,
          871,
          980,
          1089,
          1198,
          1307,
          1415,
          1524,
          1633,
          1742,
          1851,
          1960,
          2069
        ],
        [
          469,
          586,
          704,
          821,
          938,
          1055,
          1173,
          1290,
          1407,
          1524,
          1642,
          1759,
          1876,
          1993,
          2111,
          2228
        ],
        [
          503,
          628,
          754,
          879,
          1005,
          1131,
          1256,
          1382,
          1508,
          1633,
          1759,
          1884,
          2010,
          2136,
          2261,
          2387
        ],
        [
          536,
          670,
          804,
          938,
          1072,
          1206,
          1340,
          1474,
          1608,
          1742,
          1876,
          2010,
          2144,
          2278,
          2412,
          2546
        ],
        [
          570,
          712,
          854,
          997,
          1139,
          1281,
          1424,
          1566,
          1709,
          1851,
          1993,
          2136,
          2278,
          2420,
          2563,
          2705
        ],
        [
          603,
          754,
          905,
          1055,
          1206,
          1357,
          1508,
          1658,
          1809,
          1960,
          2111,
          2261,
          2412,
          2563,
          2714,
          2864
        ],
        [
          637,
          796,
          955,
          1114,
          1273,
          1432,
          1591,
          1750,
          1910,
          2069,
          2228,
          2387,
          2546,
          2705,
          2864,
          3023
        ],
        [
          670,
          838,
          1005,
          1173,
          1340,
          1508,
          1675,
          1843,
          2010,
          2178,
          2345,
          2513,
          2680,
          2848,
          3015,
          3183
        ],
        [
          704,
          879,
          1055,
          1231,
          1407,
          1583,
          1759,
          1935,
          2111,
          2286,
          2462,
          2638,
          2814,
          2990,
          3166,
          3342
        ],
        [
          737,
          921,
          1106,
          1290,
          1474,
          1658,
          1843,
          2027,
          2211,
          2395,
          2580,
          2764,
          2948,
          3132,
          3317,
          3501
        ],
        [
          771,
          963,
          1156,
          1348,
          1541,
          1734,
          1926,
          2119,
          2312,
          2504,
          2697,
          2889,
          3082,
          3275,
          3467,
          3660
        ],
        [
          804,
          1005,
          1206,
          1407,
          1608,
          1809,
          2010,
          2211,
          2412,
          2613,
          2814,
          3015,
          3216,
          3417,
          3618,
          3819
        ]
      ]
    },
    "style_3": {
      "style_name": "104-Laguna",
      "price_per_sqft": 28.5,
      "pricing_grid": [
        [
          342,
          342,
          342,
          342,
          342,
          385,
          428,
          470,
          513,
          556,
          599,
          641,
          684,
          727,
          770,
          812
        ],
        [
          342,
          342,
          342,
          349,
          399,
          449,
          499,
          549,
          599,
          648,
          698,
          748,
          798,
          848,
          898,
          948
        ],
        [
          342,
          342,
          342,
          399,
          456,
          513,
          570,
          627,
          684,
          741,
          798,
          855,
          912,
          969,
          1026,
          1083
        ],
        [
          342,
          342,
          385,
          449,
          513,
          577,
          641,
          705,
          770,
          834,
          898,
          962,
          1026,
          1090,
          1154,
          1218
        ],
        [
          342,
          356,
          428,
          499,
          570,
          641,
          713,
          784,
          855,
          926,
          998,
          1069,
          1140,
          1211,
          1283,
          1354
        ],
        [
          342,
          392,
          470,
          549,
          627,
          705,
          784,
          862,
          941,
          1019,
          1097,
          1176,
          1254,
          1332,
          1411,
          1489
        ],
        [
          342,
          428,
          513,
          599,
          684,
          770,
          855,
          941,
          1026,
          1112,
          1197,
          1283,
          1368,
          1454,
          1539,
          1625
        ],
        [
          371,
          463,
          556,
          648,
          741,
          834,
          926,
          1019,
          1112,
          1204,
          1297,
          1389,
          1482,
          1575,
          1667,
          1760
        ],
        [
          399,
          499,
          599,
          698,
          798,
          898,
          998,
          1097,
          1197,
          1297,
          1397,
          1496,
          1596,
          1696,
          1796,
          1895
        ],
        [
          428,
          534,
          641,
          748,
          855,
          962,
          1069,
          1176,
          1283,
          1389,
          1496,
          1603,
          1710,
          1817,
          1924,
          2031
        ],
        [
          456,
          570,
          684,
          798,
          912,
          1026,
          1140,
          1254,
          1368,
          1482,
          1596,
          1710,
          1824,
          1938,
          2052,
          2166
        ],
        [
          485,
          606,
          727,
          848,
          969,
          1090,
          1211,
          1332,
          1454,
          1575,
          1696,
          1817,
          1938,
          2059,
          2180,
          2301
        ],
        [
          513,
          641,
          770,
          898,
          1026,
          1154,
          1283,
          1411,
          1539,
          1667,
          1796,
          1924,
          2052,
          2180,
          2309,
          2437
        ],
        [
          542,
          677,
          812,
          948,
          1083,
          1218,
          1354,
          1489,
          1625,
          1760,
          1895,
          2031,
          2166,
          2301,
          2437,
          2572
        ],
        [
          570,
          713,
          855,
          998,
          1140,
          1283,
          1425,
          1568,
          1710,
          1853,
          1995,
          2138,
          2280,
          2423,
          2565,
          2708
        ],
        [
          599,
          748,
          898,
          1047,
          1197,
          1347,
          1496,
          1646,
          1796,
          1945,
          2095,
          2244,
          2394,
          2544,
          2693,
          2843
        ],
        [
          627,
          784,
          941,
          1097,
          1254,
          1411,
          1568,
          1724,
          1881,
          2038,
          2195,
          2351,
          2508,
          2665,
          2822,
          2978
        ],
        [
          656,
          819,
          983,
          1147,
          1311,
          1475,
          1639,
          1803,
          1967,
          2130,
          2294,
          2458,
          2622,
          2786,
          2950,
          3114
        ],
        [
          684,
          855,
          1026,
          1197,
          1368,
          1539,
          1710,
          1881,
          2052,
          2223,
          2394,
          2565,
          2736,
          2907,
          3078,
          3249
        ]
      ]
    },
    "style_4": {
      "style_name": "105-California",
      "price_per_sqft": 33.5,
      "pricing_grid": [
        [
          402,
          402,
          402,
          402,
          402,
          452,
          503,
          553,
          603,
          653,
          704,
          754,
          804,
          854,
          905,
          955
        ],
        [
          402,
          402,
          402,
          410,
          469,
          528,
          586,
          645,
          704,
          762,
          821,
          879,
          938,
          997,
          1055,
          1114
        ],
        [
          402,
          402,
          402,
          469,
          536,
          603,
          670,
          737,
          804,
          871,
          938,
          1005,
          1072,
          1139,
          1206,
          1273
        ],
        [
          402,
          402,
          452,
          528,
          603,
          678,
          754,
          829,
          905,
          980,
          1055,
          1131,
          1206,
          1281,
          1357,
          1432
        ],
        [
          402,
          419,
          503,
          586,
          670,
          754,
          838,
          921,
          1005,
          1089,
          1173,
          1256,
          1340,
          1424,
          1508,
          1591
        ],
        [
          402,
          461,
          553,
          645,
          737,
          829,
          921,
          1013,
          1106,
          1198,
          1290,
          1382,
          1474,
          1566,
          1658,
          1750
        ],
        [
          402,
          503,
          603,
          704,
          804,
          905,
          1005,
          1106,
          1206,
          1307,
          1407,
          1508,
          1608,
          1709,
          1809,
          1910
        ],
        [
          436,
          544,
          653,
          762,
          871,
          980,
          1089,
          1198,
          1307,
          1415,
          1524,
          1633,
          1742,
          1851,
          1960,
          2069
        ],
        [
          469,
          586,
          704,
          821,
          938,
          1055,
          1173,
          1290,
          1407,
          1524,
          1642,
          1759,
          1876,
          1993,
          2111,
          2228
        ],
        [
          503,
          628,
          754,
          879,
          1005,
          1131,
          1256,
          1382,
          1508,
          1633,
          1759,
          1884,
          2010,
          2136,
          2261,
          2387
        ],
        [
          536,
          670,
          804,
          938,
          1072,
          1206,
          1340,
          1474,
          1608,
          1742,
          1876,
          2010,
          2144,
          2278,
          2412,
          2546
        ],
        [
          570,
          712,
          854,
          997,
          1139,
          1281,
          1424,
          1566,
          1709,
          1851,
          1993,
          2136,
          2278,
          2420,
          2563,
          2705
        ],
        [
          603,
          754,
          905,
          1055,
          1206,
          1357,
          1508,
          1658,
          1809,
          1960,
          2111,
          2261,
          2412,
          2563,
          2714,
          2864
        ],
        [
          637,
          796,
          955,
          1114,
          1273,
          1432,
          1591,
          1750,
          1910,
          2069,
          2228,
          2387,
          2546,
          2705,
          2864,
          3023
        ],
        [
          670,
          838,
          1005,
          1173,
          1340,
          1508,
          1675,
          1843,
          2010,
          2178,
          2345,
          2513,
          2680,
          2848,
          3015,
          3183
        ],
        [
          704,
          879,
          1055,
          1231,
          1407,
          1583,
          1759,
          1935,
          2111,
          2286,
          2462,
          2638,
          2814,
          2990,
          3166,
          3342
        ],
        [
          737,
          921,
          1106,
          1290,
          1474,
          1658,
          1843,
          2027,
          2211,
          2395,
          2580,
          2764,
          2948,
          3132,
          3317,
          3501
        ],
        [
          771,
          963,
          1156,
          1348,
          1541,
          1734,
          1926,
          2119,
          2312,
          2504,
          2697,
          2889,
          3082,
          3275,
          3467,
          3660
        ],
        [
          804,
          1005,
          1206,
          1407,
          1608,
          1809,
          2010,
          2211,
          2412,
          2613,
          2814,
          3015,
          3216,
          3417,
          3618,
          3819
        ]
      ]
    },
    "style_5": {
      "style_name": "106-Cardiff",
      "price_per_sqft": 43.5,
      "pricing_grid": [
        [
          522,
          522,
          522,
          522,
          522,
          587,
          653,
          718,
          783,
          848,
          914,
          979,
          1044,
          1109,
          1175,
          1240
        ],
        [
          522,
          522,
          522,
          533,
          609,
          685,
          761,
          837,
          914,
          990,
          1066,
          1142,
          1218,
          1294,
          1370,
          1446
        ],
        [
          522,
          522,
          522,
          609,
          696,
          783,
          870,
          957,
          1044,
          1131,
          1218,
          1305,
          1392,
          1479,
          1566,
          1653
        ],
        [
          522,
          522,
          587,
          685,
          783,
          881,
          979,
          1077,
          1175,
          1272,
          1370,
          1468,
          1566,
          1664,
          1762,
          1860
        ],
        [
          522,
          544,
          653,
          761,
          870,
          979,
          1088,
          1196,
          1305,
          1414,
          1523,
          1631,
          1740,
          1849,
          1958,
          2066
        ],
        [
          522,
          598,
          718,
          837,
          957,
          1077,
          1196,
          1316,
          1436,
          1555,
          1675,
          1794,
          1914,
          2034,
          2153,
          2273
        ],
        [
          522,
          653,
          783,
          914,
          1044,
          1175,
          1305,
          1436,
          1566,
          1697,
          1827,
          1958,
          2088,
          2219,
          2349,
          2480
        ],
        [
          566,
          707,
          848,
          990,
          1131,
          1272,
          1414,
          1555,
          1697,
          1838,
          1979,
          2121,
          2262,
          2403,
          2545,
          2686
        ],
        [
          609,
          761,
          914,
          1066,
          1218,
          1370,
          1523,
          1675,
          1827,
          1979,
          2132,
          2284,
          2436,
          2588,
          2741,
          2893
        ],
        [
          653,
          816,
          979,
          1142,
          1305,
          1468,
          1631,
          1794,
          1958,
          2121,
          2284,
          2447,
          2610,
          2773,
          2936,
          3099
        ],
        [
          696,
          870,
          1044,
          1218,
          1392,
          1566,
          1740,
          1914,
          2088,
          2262,
          2436,
          2610,
          2784,
          2958,
          3132,
          3306
        ],
        [
          740,
          924,
          1109,
          1294,
          1479,
          1664,
          1849,
          2034,
          2219,
          2403,
          2588,
          2773,
          2958,
          3143,
          3328,
          3513
        ],
        [
          783,
          979,
          1175,
          1370,
          1566,
          1762,
          1958,
          2153,
          2349,
          2545,
          2741,
          2936,
          3132,
          3328,
          3524,
          3719
        ],
        [
          827,
          1033,
          1240,
          1446,
          1653,
          1860,
          2066,
          2273,
          2480,
          2686,
          2893,
          3099,
          3306,
          3513,
          3719,
          3926
        ],
        [
          870,
          1088,
          1305,
          1523,
          1740,
          1958,
          2175,
          2393,
          2610,
          2828,
          3045,
          3263,
          3480,
          3698,
          3915,
          4133
        ],
        [
          914,
          1142,
          1370,
          1599,
          1827,
          2055,
          2284,
          2512,
          2741,
          2969,
          3197,
          3426,
          3654,
          3882,
          4111,
          4339
        ],
        [
          957,
          1196,
          1436,
          1675,
          1914,
          2153,
          2393,
          2632,
          2871,
          3110,
          3350,
          3589,
          3828,
          4067,
          4307,
          4546
        ],
        [
          1001,
          1251,
          1501,
          1751,
          2001,
          2251,
          2501,
          2751,
          3002,
          3252,
          3502,
          3752,
          4002,
          4252,
          4502,
          4752
        ],
        [
          1044,
          1305,
          1566,
          1827,
          2088,
          2349,
          2610,
          2871,
          3132,
          3393,
          3654,
          3915,
          4176,
          4437,
          4698,
          4959
        ]
      ]
    },
    "style_6": {
      "style_name": "108-Marina",
      "price_per_sqft": 46.5,
      "pricing_grid": [
        [
          558,
          558,
          558,
          558,
          558,
          628,
          698,
          767,
          837,
          907,
          977,
          1046,
          1116,
          1186,
          1256,
          1325
        ],
        [
          558,
          558,
          558,
          570,
          651,
          732,
          814,
          895,
          977,
          1058,
          1139,
          1221,
          1302,
          1383,
          1465,
          1546
        ],
        [
          558,
          558,
          558,
          651,
          744,
          837,
          930,
          1023,
          1116,
          1209,
          1302,
          1395,
          1488,
          1581,
          1674,
          1767
        ],
        [
          558,
          558,
          628,
          732,
          837,
          942,
          1046,
          1151,
          1256,
          1360,
          1465,
          1569,
          1674,
          1779,
          1883,
          1988
        ],
        [
          558,
          581,
          698,
          814,
          930,
          1046,
          1163,
          1279,
          1395,
          1511,
          1628,
          1744,
          1860,
          1976,
          2093,
          2209
        ],
        [
          558,
          639,
          767,
          895,
          1023,
          1151,
          1279,
          1407,
          1535,
          1662,
          1790,
          1918,
          2046,
          2174,
          2302,
          2430
        ],
        [
          558,
          698,
          837,
          977,
          1116,
          1256,
          1395,
          1535,
          1674,
          1814,
          1953,
          2093,
          2232,
          2372,
          2511,
          2651
        ],
        [
          605,
          756,
          907,
          1058,
          1209,
          1360,
          1511,
          1662,
          1814,
          1965,
          2116,
          2267,
          2418,
          2569,
          2720,
          2871
        ],
        [
          651,
          814,
          977,
          1139,
          1302,
          1465,
          1628,
          1790,
          1953,
          2116,
          2279,
          2441,
          2604,
          2767,
          2930,
          3092
        ],
        [
          698,
          872,
          1046,
          1221,
          1395,
          1569,
          1744,
          1918,
          2093,
          2267,
          2441,
          2616,
          2790,
          2964,
          3139,
          3313
        ],
        [
          744,
          930,
          1116,
          1302,
          1488,
          1674,
          1860,
          2046,
          2232,
          2418,
          2604,
          2790,
          2976,
          3162,
          3348,
          3534
        ],
        [
          791,
          988,
          1186,
          1383,
          1581,
          1779,
          1976,
          2174,
          2372,
          2569,
          2767,
          2964,
          3162,
          3360,
          3557,
          3755
        ],
        [
          837,
          1046,
          1256,
          1465,
          1674,
          1883,
          2093,
          2302,
          2511,
          2720,
          2930,
          3139,
          3348,
          3557,
          3767,
          3976
        ],
        [
          884,
          1104,
          1325,
          1546,
          1767,
          1988,
          2209,
          2430,
          2651,
          2871,
          3092,
          3313,
          3534,
          3755,
          3976,
          4197
        ],
        [
          930,
          1163,
          1395,
          1628,
          1860,
          2093,
          2325,
          2558,
          2790,
          3023,
          3255,
          3488,
          3720,
          3953,
          4185,
          4418
        ],
        [
          977,
          1221,
          1465,
          1709,
          1953,
          2197,
          2441,
          2685,
          2930,
          3174,
          3418,
          3662,
          3906,
          4150,
          4394,
          4638
        ],
        [
          1023,
          1279,
          1535,
          1790,
          2046,
          2302,
          2558,
          2813,
          3069,
          3325,
          3581,
          3836,
          4092,
          4348,
          4604,
          4859
        ],
        [
          1070,
          1337,
          1604,
          1872,
          2139,
          2406,
          2674,
          2941,
          3209,
          3476,
          3743,
          4011,
          4278,
          4545,
          4813,
          5080
        ],
        [
          1116,
          1395,
          1674,
          1953,
          2232,
          2511,
          2790,
          3069,
          3348,
          3627,
          3906,
          4185,
          4464,
          4743,
          5022,
          5301
        ]
      ]
    },
    "style_7": {
      "style_name": "109-Malibu",
      "price_per_sqft": 50.0,
      "pricing_grid": [
        [
          600,
          600,
          600,
          600,
          600,
          675,
          750,
          825,
          900,
          975,
          1050,
          1125,
          1200,
          1275,
          1350,
          1425
        ],
        [
          600,
          600,
          600,
          613,
          700,
          788,
          875,
          963,
          1050,
          1138,
          1225,
          1313,
          1400,
          1488,
          1575,
          1663
        ],
        [
          600,
          600,
          600,
          700,
          800,
          900,
          1000,
          1100,
          1200,
          1300,
          1400,
          1500,
          1600,
          1700,
          1800,
          1900
        ],
        [
          600,
          600,
          675,
          788,
          900,
          1013,
          1125,
          1238,
          1350,
          1463,
          1575,
          1688,
          1800,
          1913,
          2025,
          2138
        ],
        [
          600,
          625,
          750,
          875,
          1000,
          1125,
          1250,
          1375,
          1500,
          1625,
          1750,
          1875,
          2000,
          2125,
          2250,
          2375
        ],
        [
          600,
          688,
          825,
          963,
          1100,
          1238,
          1375,
          1513,
          1650,
          1788,
          1925,
          2063,
          2200,
          2338,
          2475,
          2613
        ],
        [
          600,
          750,
          900,
          1050,
          1200,
          1350,
          1500,
          1650,
          1800,
          1950,
          2100,
          2250,
          2400,
          2550,
          2700,
          2850
        ],
        [
          650,
          813,
          975,
          1138,
          1300,
          1463,
          1625,
          1788,
          1950,
          2113,
          2275,
          2438,
          2600,
          2763,
          2925,
          3088
        ],
        [
          700,
          875,
          1050,
          1225,
          1400,
          1575,
          1750,
          1925,
          2100,
          2275,
          2450,
          2625,
          2800,
          2975,
          3150,
          3325
        ],
        [
          750,
          938,
          1125,
          1313,
          1500,
          1688,
          1875,
          2063,
          2250,
          2438,
          2625,
          2813,
          3000,
          3188,
          3375,
          3563
        ],
        [
          800,
          1000,
          1200,
          1400,
          1600,
          1800,
          2000,
          2200,
          2400,
          2600,
          2800,
          3000,
          3200,
          3400,
          3600,
          3800
        ],
        [
          850,
          1063,
          1275,
          1488,
          1700,
          1913,
          2125,
          2338,
          2550,
          2763,
          2975,
          3188,
          3400,
          3613,
          3825,
          4038
        ],
        [
          900,
          1125,
          1350,
          1575,
          1800,
          2025,
          2250,
          2475,
          2700,
          2925,
          3150,
          3375,
          3600,
          3825,
          4050,
          4275
        ],
        [
          950,
          1188,
          1425,
          1663,
          1900,
          2138,
          2375,
          2613,
          2850,
          3088,
          3325,
          3563,
          3800,
          4038,
          4275,
          4513
        ],
        [
          1000,
          1250,
          1500,
          1750,
          2000,
          2250,
          2500,
          2750,
          3000,
          3250,
          3500,
          3750,
          4000,
          4250,
          4500,
          4750
        ],
        [
          1050,
          1313,
          1575,
          1838,
          2100,
          2363,
          2625,
          2888,
          3150,
          3413,
          3675,
          3938,
          4200,
          4463,
          4725,
          4988
        ],
        [
          1100,
          1375,
          1650,
          1925,
          2200,
          2475,
          2750,
          3025,
          3300,
          3575,
          3850,
          4125,
          4400,
          4675,
          4950,
          5225
        ],
        [
          1150,
          1438,
          1725,
          2013,
          2300,
          2588,
          2875,
          3163,
          3450,
          3738,
          4025,
          4313,
          4600,
          4888,
          5175,
          5463
        ],
        [
          1200,
          1500,
          1800,
          2100,
          2400,
          2700,
          3000,
          3300,
          3600,
          3900,
          4200,
          4500,
          4800,
          5100,
          5400,
          5700
        ]
      ]
    },
    "style_8": {
      "style_name": "112-Carmel",
      "price_per_sqft": 40.5,
      "pricing_grid": [
        [
          486,
          486,
          486,
          486,
          486,
          547,
          608,
          668,
          729,
          790,
          851,
          911,
          972,
          1033,
          1094,
          1154
        ],
        [
          486,
          486,
          486,
          496,
          567,
          638,
          709,
          780,
          851,
          921,
          992,
          1063,
          1134,
          1205,
          1276,
          1347
        ],
        [
          486,
          486,
          486,
          567,
          648,
          729,
          810,
          891,
          972,
          1053,
          1134,
          1215,
          1296,
          1377,
          1458,
          1539
        ],
        [
          486,
          486,
          547,
          638,
          729,
          820,
          911,
          1002,
          1094,
          1185,
          1276,
          1367,
          1458,
          1549,
          1640,
          1731
        ],
        [
          486,
          506,
          608,
          709,
          810,
          911,
          1013,
          1114,
          1215,
          1316,
          1418,
          1519,
          1620,
          1721,
          1823,
          1924
        ],
        [
          486,
          557,
          668,
          780,
          891,
          1002,
          1114,
          1225,
          1337,
          1448,
          1559,
          1671,
          1782,
          1893,
          2005,
          2116
        ],
        [
          486,
          608,
          729,
          851,
          972,
          1094,
          1215,
          1337,
          1458,
          1580,
          1701,
          1823,
          1944,
          2066,
          2187,
          2309
        ],
        [
          527,
          658,
          790,
          921,
          1053,
          1185,
          1316,
          1448,
          1580,
          1711,
          1843,
          1974,
          2106,
          2238,
          2369,
          2501
        ],
        [
          567,
          709,
          851,
          992,
          1134,
          1276,
          1418,
          1559,
          1701,
          1843,
          1985,
          2126,
          2268,
          2410,
          2552,
